
% Begin added by ADVISOR 2002 converter: 08-Nov-2014
cyc_avg_time=3;

cyc_cargo_mass=[0 0;1 0];

cyc_description='Skeleton example of cyc file';

cyc_elevation_init=1500;

cyc_filter_bool=0;

cyc_grade=[0 0;5 0.01;10 0.02;15 0.03;20 0.05;25 0.065;30 0.064;35 0.063;40 0.04;50 0.03;60 0.02;70 0.01;80 0.005;90 0.003;100 0;200 -0.05;350 -0.06;500 -0.05;501 -0.04;600 -0.04;900 0];

cyc_mph=[0 0;1 0;5 10;10 10;11 9;12 8;13 6;20 7;30 15;40 30;43 25;50 45;55 70;60 50;65 20;73 0;80 0];

cyc_proprietary=0;

cyc_validation=0;

cyc_version=2002;

vc_key_on=[0 1;1 1;5 1;10 1;11 1;12 1;13 1;20 1;30 1;40 1;43 1;50 1;55 1;60 1;65 1;73 1;80 1];

% End added by ADVISOR 2002 converter: 08-Nov-2014